[[], [], [], [], [], [], [], [], [], [], [], [], [], [], [], [], [], [], [], [], [], [], [], [], [], [], [], [], [], [], []]
39168
39168
39168
39168
39168
39168
#############
(array([    4,   140,   276,   412,   548,   684,   820,   956,  1092,
        1228,  1364,  1500,  1636,  1772,  1908,  2044,  2180,  2316,
        2452,  2588,  2724,  2860,  2996,  3132,  3268,  3404,  3540,
        3676,  3812,  3948,  4084,  4220,  4356,  4492,  4628,  4764,
        4900,  5036,  5172,  5308,  5444,  5580,  5716,  5852,  5988,
        6124,  6260,  6396,  6532,  6668,  6804,  6940,  7076,  7212,
        7348,  7484,  7620,  7756,  7892,  8028,  8164,  8300,  8436,
        8572,  8708,  8844,  8980,  9116,  9252,  9388,  9524,  9660,
        9796,  9932, 10068, 10204, 10340, 10476, 10612, 10748, 10884,
       11020, 11156, 11292, 11428, 11564, 11700, 11836, 11972, 12108,
       12244, 12380, 12516, 12652, 12788, 12924, 13060, 13196, 13332,
       13468, 13604, 13740, 13876, 14012, 14148, 14284, 14420, 14556,
       14692, 14828, 14964, 15100, 15236, 15372, 15508, 15644, 15780,
       15916, 16052, 16188, 16324, 16460, 16596, 16732, 16868, 17004,
       17140, 17276, 17412, 17548, 17684, 17820, 17956, 18092, 18228,
       18364, 18500, 18636, 18772, 18908, 19044, 19180, 19316, 19452,
       19588, 19724, 19860, 19996, 20132, 20268, 20404, 20540, 20676,
       20812, 20948, 21084, 21220, 21356, 21492, 21628, 21764, 21900,
       22036, 22172, 22308, 22444, 22580, 22716, 22852, 22988, 23124,
       23260, 23396, 23532, 23668, 23804, 23940, 24076, 24212, 24348,
       24484, 24620, 24756, 24892, 25028, 25164, 25300, 25436, 25572,
       25708, 25844, 25980, 26116, 26252, 26388, 26524, 26660, 26796,
       26932, 27068, 27204, 27340, 27476, 27612, 27748, 27884, 28020,
       28156, 28292, 28428, 28564, 28700, 28836, 28972, 29108, 29244,
       29380, 29516, 29652, 29788, 29924, 30060, 30196, 30332, 30468,
       30604, 30740, 30876, 31012, 31148, 31284, 31420, 31556, 31692,
       31828, 31964, 32100, 32236, 32372, 32508, 32644, 32780, 32916,
       33052, 33188, 33324, 33460, 33596, 33732, 33868, 34004, 34140,
       34276, 34412, 34548, 34684, 34820, 34956, 35092, 35228, 35364,
       35500, 35636, 35772, 35908, 36044, 36180, 36316, 36452, 36588,
       36724, 36860, 36996, 37132, 37268, 37404, 37540, 37676, 37812,
       37948, 38084, 38220, 38356, 38492, 38628, 38764, 38900, 39036]),)
4
140
276
412
548
684
820
956
1092
1228
1364
1500
1636
1772
1908
2044
2180
2316
2452
2588
2724
2860
2996
3132
3268
3404
3540
3676
3812
3948
4084
4220
4356
4492
4628
4764
4900
5036
5172
5308
5444
5580
5716
5852
5988
6124
6260
6396
6532
6668
6804
6940
7076
7212
7348
7484
7620
7756
7892
8028
8164
8300
8436
8572
8708
8844
8980
9116
9252
9388
9524
9660
9796
9932
10068
10204
10340
10476
10612
10748
10884
11020
11156
11292
11428
11564
11700
11836
11972
12108
12244
12380
12516
12652
12788
12924
13060
13196
13332
13468
13604
13740
13876
14012
14148
14284
14420
14556
14692
14828
14964
15100
15236
15372
15508
15644
15780
15916
16052
16188
16324
16460
16596
16732
16868
17004
17140
17276
17412
17548
17684
17820
17956
18092
18228
18364
18500
18636
18772
18908
19044
19180
19316
19452
19588
19724
19860
19996
20132
20268
20404
20540
20676
20812
20948
21084
21220
21356
21492
21628
21764
21900
22036
22172
22308
22444
22580
22716
22852
22988
23124
23260
23396
23532
23668
23804
23940
24076
24212
24348
24484
24620
24756
24892
25028
25164
25300
25436
25572
25708
25844
25980
26116
26252
26388
26524
26660
26796
26932
27068
27204
27340
27476
27612
27748
27884
28020
28156
28292
28428
28564
28700
28836
28972
29108
29244
29380
29516
29652
29788
29924
30060
30196
30332
30468
30604
30740
30876
31012
31148
31284
31420
31556
31692
31828
31964
32100
32236
32372
32508
32644
32780
32916
33052
33188
33324
33460
33596
33732
33868
34004
34140
34276
34412
34548
34684
34820
34956
35092
35228
35364
35500
35636
35772
35908
36044
36180
36316
36452
36588
36724
36860
36996
37132
37268
37404
37540
37676
37812
37948
38084
38220
38356
38492
38628
38764
38900
39036
4
140
276
412
548
684
820
956
1092
1228
1364
1500
1636
1772
1908
2044
2180
2316
2452
2588
2724
2860
2996
3132
3268
3404
3540
3676
3812
3948
4084
4220
4356
4492
4628
4764
4900
5036
5172
5308
5444
5580
5716
5852
5988
6124
6260
6396
6532
6668
6804
6940
7076
7212
7348
7484
7620
7756
7892
8028
8164
8300
8436
8572
8708
8844
8980
9116
9252
9388
9524
9660
9796
9932
10068
10204
10340
10476
10612
10748
10884
11020
11156
11292
11428
11564
11700
11836
11972
12108
12244
12380
12516
12652
12788
12924
13060
13196
13332
13468
13604
13740
13876
14012
14148
14284
14420
14556
14692
14828
14964
15100
15236
15372
15508
15644
15780
15916
16052
16188
16324
16460
16596
16732
16868
17004
17140
17276
17412
17548
17684
17820
17956
18092
18228
18364
18500
18636
18772
18908
19044
19180
19316
19452
19588
19724
19860
19996
20132
20268
20404
20540
20676
20812
20948
21084
21220
21356
21492
21628
21764
21900
22036
22172
22308
22444
22580
22716
22852
22988
23124
23260
23396
23532
23668
23804
23940
24076
24212
24348
24484
24620
24756
24892
25028
25164
25300
25436
25572
25708
25844
25980
26116
26252
26388
26524
26660
26796
26932
27068
27204
27340
27476
27612
27748
27884
28020
28156
28292
28428
28564
28700
28836
28972
29108
29244
29380
29516
29652
29788
29924
30060
30196
30332
30468
30604
30740
30876
31012
31148
31284
31420
31556
31692
31828
31964
32100
32236
32372
32508
32644
32780
32916
33052
33188
33324
33460
33596
33732
33868
34004
34140
34276
34412
34548
34684
34820
34956
35092
35228
35364
35500
35636
35772
35908
36044
36180
36316
36452
36588
36724
36860
36996
37132
37268
37404
37540
37676
37812
37948
38084
38220
38356
38492
38628
38764
38900
39036
4
140
276
412
548
684
820
956
1092
1228
1364
1500
1636
1772
1908
2044
2180
2316
2452
2588
2724
2860
2996
3132
3268
3404
3540
3676
3812
3948
4084
4220
4356
4492
4628
4764
4900
5036
5172
5308
5444
5580
5716
5852
5988
6124
6260
6396
6532
6668
6804
6940
7076
7212
7348
7484
7620
7756
7892
8028
8164
8300
8436
8572
8708
8844
8980
9116
9252
9388
9524
9660
9796
9932
10068
10204
10340
10476
10612
10748
10884
11020
11156
11292
11428
11564
11700
11836
11972
12108
12244
12380
12516
12652
12788
12924
13060
13196
13332
13468
13604
13740
13876
14012
14148
14284
14420
14556
14692
14828
14964
15100
15236
15372
15508
15644
15780
15916
16052
16188
16324
16460
16596
16732
16868
17004
17140
17276
17412
17548
17684
17820
17956
18092
18228
18364
18500
18636
18772
18908
19044
19180
19316
19452
19588
19724
19860
19996
20132
20268
20404
20540
20676
20812
20948
21084
21220
21356
21492
21628
21764
21900
22036
22172
22308
22444
22580
22716
22852
22988
23124
23260
23396
23532
23668
23804
23940
24076
24212
24348
24484
24620
24756
24892
25028
25164
25300
25436
25572
25708
25844
25980
26116
26252
26388
26524
26660
26796
26932
27068
27204
27340
27476
27612
27748
27884
28020
28156
28292
28428
28564
28700
28836
28972
29108
29244
29380
29516
29652
29788
29924
30060
30196
30332
30468
30604
30740
30876
31012
31148
31284
31420
31556
31692
31828
31964
32100
32236
32372
32508
32644
32780
32916
33052
33188
33324
33460
33596
33732
33868
34004
34140
34276
34412
34548
34684
34820
34956
35092
35228
35364
35500
35636
35772
35908
36044
36180
36316
36452
36588
36724
36860
36996
37132
37268
37404
37540
37676
37812
37948
38084
38220
38356
38492
38628
38764
38900
39036
4
140
276
412
548
684
820
956
1092
1228
1364
1500
1636
1772
1908
2044
2180
2316
2452
2588
2724
2860
2996
3132
3268
3404
3540
3676
3812
3948
4084
4220
4356
4492
4628
4764
4900
5036
5172
5308
5444
5580
5716
5852
5988
6124
6260
6396
6532
6668
6804
6940
7076
7212
7348
7484
7620
7756
7892
8028
8164
8300
8436
8572
8708
8844
8980
9116
9252
9388
9524
9660
9796
9932
10068
10204
10340
10476
10612
10748
10884
11020
11156
11292
11428
11564
11700
11836
11972
12108
12244
12380
12516
12652
12788
12924
13060
13196
13332
13468
13604
13740
13876
14012
14148
14284
14420
14556
14692
14828
14964
15100
15236
15372
15508
15644
15780
15916
16052
16188
16324
16460
16596
16732
16868
17004
17140
17276
17412
17548
17684
17820
17956
18092
18228
18364
18500
18636
18772
18908
19044
19180
19316
19452
19588
19724
19860
19996
20132
20268
20404
20540
20676
20812
20948
21084
21220
21356
21492
21628
21764
21900
22036
22172
22308
22444
22580
22716
22852
22988
23124
23260
23396
23532
23668
23804
23940
24076
24212
24348
24484
24620
24756
24892
25028
25164
25300
25436
25572
25708
25844
25980
26116
26252
26388
26524
26660
26796
26932
27068
27204
27340
27476
27612
27748
27884
28020
28156
28292
28428
28564
28700
28836
28972
29108
29244
29380
29516
29652
29788
29924
30060
30196
30332
30468
30604
30740
30876
31012
31148
31284
31420
31556
31692
31828
31964
32100
32236
32372
32508
32644
32780
32916
33052
33188
33324
33460
33596
33732
33868
34004
34140
34276
34412
34548
34684
34820
34956
35092
35228
35364
35500
35636
35772
35908
36044
36180
36316
36452
36588
36724
36860
36996
37132
37268
37404
37540
37676
37812
37948
38084
38220
38356
38492
38628
38764
38900
39036
4
140
276
412
548
684
820
956
1092
1228
1364
1500
1636
1772
1908
2044
2180
2316
2452
2588
2724
2860
2996
3132
3268
3404
3540
3676
3812
3948
4084
4220
4356
4492
4628
4764
4900
5036
5172
5308
5444
5580
5716
5852
5988
6124
6260
6396
6532
6668
6804
6940
7076
7212
7348
7484
7620
7756
7892
8028
8164
8300
8436
8572
8708
8844
8980
9116
9252
9388
9524
9660
9796
9932
10068
10204
10340
10476
10612
10748
10884
11020
11156
11292
11428
11564
11700
11836
11972
12108
12244
12380
12516
12652
12788
12924
13060
13196
13332
13468
13604
13740
13876
14012
14148
14284
14420
14556
14692
14828
14964
15100
15236
15372
15508
15644
15780
15916
16052
16188
16324
16460
16596
16732
16868
17004
17140
17276
17412
17548
17684
17820
17956
18092
18228
18364
18500
18636
18772
18908
19044
19180
19316
19452
19588
19724
19860
19996
20132
20268
20404
20540
20676
20812
20948
21084
21220
21356
21492
21628
21764
21900
22036
22172
22308
22444
22580
22716
22852
22988
23124
23260
23396
23532
23668
23804
23940
24076
24212
24348
24484
24620
24756
24892
25028
25164
25300
25436
25572
25708
25844
25980
26116
26252
26388
26524
26660
26796
26932
27068
27204
27340
27476
27612
27748
27884
28020
28156
28292
28428
28564
28700
28836
28972
29108
29244
29380
29516
29652
29788
29924
30060
30196
30332
30468
30604
30740
30876
31012
31148
31284
31420
31556
31692
31828
31964
32100
32236
32372
32508
32644
32780
32916
33052
33188
33324
33460
33596
33732
33868
34004
34140
34276
34412
34548
34684
34820
34956
35092
35228
35364
35500
35636
35772
35908
36044
36180
36316
36452
36588
36724
36860
36996
37132
37268
37404
37540
37676
37812
37948
38084
38220
38356
38492
38628
38764
38900
39036
4
140
276
412
548
684
820
956
1092
1228
1364
1500
1636
1772
1908
2044
2180
2316
2452
2588
2724
2860
2996
3132
3268
3404
3540
3676
3812
3948
4084
4220
4356
4492
4628
4764
4900
5036
5172
5308
5444
5580
5716
5852
5988
6124
6260
6396
6532
6668
6804
6940
7076
7212
7348
7484
7620
7756
7892
8028
8164
8300
8436
8572
8708
8844
8980
9116
9252
9388
9524
9660
9796
9932
10068
10204
10340
10476
10612
10748
10884
11020
11156
11292
11428
11564
11700
11836
11972
12108
12244
12380
12516
12652
12788
12924
13060
13196
13332
13468
13604
13740
13876
14012
14148
14284
14420
14556
14692
14828
14964
15100
15236
15372
15508
15644
15780
15916
16052
16188
16324
16460
16596
16732
16868
17004
17140
17276
17412
17548
17684
17820
17956
18092
18228
18364
18500
18636
18772
18908
19044
19180
19316
19452
19588
19724
19860
19996
20132
20268
20404
20540
20676
20812
20948
21084
21220
21356
21492
21628
21764
21900
22036
22172
22308
22444
22580
22716
22852
22988
23124
23260
23396
23532
23668
23804
23940
24076
24212
24348
24484
24620
24756
24892
25028
25164
25300
25436
25572
25708
25844
25980
26116
26252
26388
26524
26660
26796
26932
27068
27204
27340
27476
27612
27748
27884
28020
28156
28292
28428
28564
28700
28836
28972
29108
29244
29380
29516
29652
29788
29924
30060
30196
30332
30468
30604
30740
30876
31012
31148
31284
31420
31556
31692
31828
31964
32100
32236
32372
32508
32644
32780
32916
33052
33188
33324
33460
33596
33732
33868
34004
34140
34276
34412
34548
34684
34820
34956
35092
35228
35364
35500
35636
35772
35908
36044
36180
36316
36452
36588
36724
36860
36996
37132
37268
37404
37540
37676
37812
37948
38084
38220
38356
38492
38628
38764
38900
39036
4
140
276
412
548
684
820
956
1092
1228
1364
1500
1636
1772
1908
2044
2180
2316
2452
2588
2724
2860
2996
3132
3268
3404
3540
3676
3812
3948
4084
4220
4356
4492
4628
4764
4900
5036
5172
5308
5444
5580
5716
5852
5988
6124
6260
6396
6532
6668
6804
6940
7076
7212
7348
7484
7620
7756
7892
8028
8164
8300
8436
8572
8708
8844
8980
9116
9252
9388
9524
9660
9796
9932
10068
10204
10340
10476
10612
10748
10884
11020
11156
11292
11428
11564
11700
11836
11972
12108
12244
12380
12516
12652
12788
12924
13060
13196
13332
13468
13604
13740
13876
14012
14148
14284
14420
14556
14692
14828
14964
15100
15236
15372
15508
15644
15780
15916
16052
16188
16324
16460
16596
16732
16868
17004
17140
17276
17412
17548
17684
17820
17956
18092
18228
18364
18500
18636
18772
18908
19044
19180
19316
19452
19588
19724
19860
19996
20132
20268
20404
20540
20676
20812
20948
21084
21220
21356
21492
21628
21764
21900
22036
22172
22308
22444
22580
22716
22852
22988
23124
23260
23396
23532
23668
23804
23940
24076
24212
24348
24484
24620
24756
24892
25028
25164
25300
25436
25572
25708
25844
25980
26116
26252
26388
26524
26660
26796
26932
27068
27204
27340
27476
27612
27748
27884
28020
28156
28292
28428
28564
28700
28836
28972
29108
29244
29380
29516
29652
29788
29924
30060
30196
30332
30468
30604
30740
30876
31012
31148
31284
31420
31556
31692
31828
31964
32100
32236
32372
32508
32644
32780
32916
33052
33188
33324
33460
33596
33732
33868
34004
34140
34276
34412
34548
34684
34820
34956
35092
35228
35364
35500
35636
35772
35908
36044
36180
36316
36452
36588
36724
36860
36996
37132
37268
37404
37540
37676
37812
37948
38084
38220
38356
38492
38628
38764
38900
39036
4
140
276
412
548
684
820
956
1092
1228
1364
1500
1636
1772
1908
2044
2180
2316
2452
2588
2724
2860
2996
3132
3268
3404
3540
3676
3812
3948
4084
4220
4356
4492
4628
4764
4900
5036
5172
5308
5444
5580
5716
5852
5988
6124
6260
6396
6532
6668
6804
6940
7076
7212
7348
7484
7620
7756
7892
8028
8164
8300
8436
8572
8708
8844
8980
9116
9252
9388
9524
9660
9796
9932
10068
10204
10340
10476
10612
10748
10884
11020
11156
11292
11428
11564
11700
11836
11972
12108
12244
12380
12516
12652
12788
12924
13060
13196
13332
13468
13604
13740
13876
14012
14148
14284
14420
14556
14692
14828
14964
15100
15236
15372
15508
15644
15780
15916
16052
16188
16324
16460
16596
16732
16868
17004
17140
17276
17412
17548
17684
17820
17956
18092
18228
18364
18500
18636
18772
18908
19044
19180
19316
19452
19588
19724
19860
19996
20132
20268
20404
20540
20676
20812
20948
21084
21220
21356
21492
21628
21764
21900
22036
22172
22308
22444
22580
22716
22852
22988
23124
23260
23396
23532
23668
23804
23940
24076
24212
24348
24484
24620
24756
24892
25028
25164
25300
25436
25572
25708
25844
25980
26116
26252
26388
26524
26660
26796
26932
27068
27204
27340
27476
27612
27748
27884
28020
28156
28292
28428
28564
28700
28836
28972
29108
29244
29380
29516
29652
29788
29924
30060
30196
30332
30468
30604
30740
30876
31012
31148
31284
31420
31556
31692
31828
31964
32100
32236
32372
32508
32644
32780
32916
33052
33188
33324
33460
33596
33732
33868
34004
34140
34276
34412
34548
34684
34820
34956
35092
35228
35364
35500
35636
35772
35908
36044
36180
36316
36452
36588
36724
36860
36996
37132
37268
37404
37540
37676
37812
37948
38084
38220
38356
38492
38628
38764
38900
39036
4
140
276
412
548
684
820
956
1092
1228
1364
1500
1636
1772
1908
2044
2180
2316
2452
2588
2724
2860
2996
3132
3268
3404
3540
3676
3812
3948
4084
4220
4356
4492
4628
4764
4900
5036
5172
5308
5444
5580
5716
5852
5988
6124
6260
6396
6532
6668
6804
6940
7076
7212
7348
7484
7620
7756
7892
8028
8164
8300
8436
8572
8708
8844
8980
9116
9252
9388
9524
9660
9796
9932
10068
10204
10340
10476
10612
10748
10884
11020
11156
11292
11428
11564
11700
11836
11972
12108
12244
12380
12516
12652
12788
12924
13060
13196
13332
13468
13604
13740
13876
14012
14148
14284
14420
14556
14692
14828
14964
15100
15236
15372
15508
15644
15780
15916
16052
16188
16324
16460
16596
16732
16868
17004
17140
17276
17412
17548
17684
17820
17956
18092
18228
18364
18500
18636
18772
18908
19044
19180
19316
19452
19588
19724
19860
19996
20132
20268
20404
20540
20676
20812
20948
21084
21220
21356
21492
21628
21764
21900
22036
22172
22308
22444
22580
22716
22852
22988
23124
23260
23396
23532
23668
23804
23940
24076
24212
24348
24484
24620
24756
24892
25028
25164
25300
25436
25572
25708
25844
25980
26116
26252
26388
26524
26660
26796
26932
27068
27204
27340
27476
27612
27748
27884
28020
28156
28292
28428
28564
28700
28836
28972
29108
29244
29380
29516
29652
29788
29924
30060
30196
30332
30468
30604
30740
30876
31012
31148
31284
31420
31556
31692
31828
31964
32100
32236
32372
32508
32644
32780
32916
33052
33188
33324
33460
33596
33732
33868
34004
34140
34276
34412
34548
34684
34820
34956
35092
35228
35364
35500
35636
35772
35908
36044
36180
36316
36452
36588
36724
36860
36996
37132
37268
37404
37540
37676
37812
37948
38084
38220
38356
38492
38628
38764
38900
39036
4
140
276
412
548
684
820
956
1092
1228
1364
1500
1636
1772
1908
2044
2180
2316
2452
2588
2724
2860
2996
3132
3268
3404
3540
3676
3812
3948
4084
4220
4356
4492
4628
4764
4900
5036
5172
5308
5444
5580
5716
5852
5988
6124
6260
6396
6532
6668
6804
6940
7076
7212
7348
7484
7620
7756
7892
8028
8164
8300
8436
8572
8708
8844
8980
9116
9252
9388
9524
9660
9796
9932
10068
10204
10340
10476
10612
10748
10884
11020
11156
11292
11428
11564
11700
11836
11972
12108
12244
12380
12516
12652
12788
12924
13060
13196
13332
13468
13604
13740
13876
14012
14148
14284
14420
14556
14692
14828
14964
15100
15236
15372
15508
15644
15780
15916
16052
16188
16324
16460
16596
16732
16868
17004
17140
17276
17412
17548
17684
17820
17956
18092
18228
18364
18500
18636
18772
18908
19044
19180
19316
19452
19588
19724
19860
19996
20132
20268
20404
20540
20676
20812
20948
21084
21220
21356
21492
21628
21764
21900
22036
22172
22308
22444
22580
22716
22852
22988
23124
23260
23396
23532
23668
23804
23940
24076
24212
24348
24484
24620
24756
24892
25028
25164
25300
25436
25572
25708
25844
25980
26116
26252
26388
26524
26660
26796
26932
27068
27204
27340
27476
27612
27748
27884
28020
28156
28292
28428
28564
28700
28836
28972
29108
29244
29380
29516
29652
29788
29924
30060
30196
30332
30468
30604
30740
30876
31012
31148
31284
31420
31556
31692
31828
31964
32100
32236
32372
32508
32644
32780
32916
33052
33188
33324
33460
33596
33732
33868
34004
34140
34276
34412
34548
34684
34820
34956
35092
35228
35364
35500
35636
35772
35908
36044
36180
36316
36452
36588
36724
36860
36996
37132
37268
37404
37540
37676
37812
37948
38084
38220
38356
38492
38628
38764
38900
39036
4
140
276
412
548
684
820
956
1092
1228
1364
1500
1636
1772
1908
2044
2180
2316
2452
2588
2724
2860
2996
3132
3268
3404
3540
3676
3812
3948
4084
4220
4356
4492
4628
4764
4900
5036
5172
5308
5444
5580
5716
5852
5988
6124
6260
6396
6532
6668
6804
6940
7076
7212
7348
7484
7620
7756
7892
8028
8164
8300
8436
8572
8708
8844
8980
9116
9252
9388
9524
9660
9796
9932
10068
10204
10340
10476
10612
10748
10884
11020
11156
11292
11428
11564
11700
11836
11972
12108
12244
12380
12516
12652
12788
12924
13060
13196
13332
13468
13604
13740
13876
14012
14148
14284
14420
14556
14692
14828
14964
15100
15236
15372
15508
15644
15780
15916
16052
16188
16324
16460
16596
16732
16868
17004
17140
17276
17412
17548
17684
17820
17956
18092
18228
18364
18500
18636
18772
18908
19044
19180
19316
19452
19588
19724
19860
19996
20132
20268
20404
20540
20676
20812
20948
21084
21220
21356
21492
21628
21764
21900
22036
22172
22308
22444
22580
22716
22852
22988
23124
23260
23396
23532
23668
23804
23940
24076
24212
24348
24484
24620
24756
24892
25028
25164
25300
25436
25572
25708
25844
25980
26116
26252
26388
26524
26660
26796
26932
27068
27204
27340
27476
27612
27748
27884
28020
28156
28292
28428
28564
28700
28836
28972
29108
29244
29380
29516
29652
29788
29924
30060
30196
30332
30468
30604
30740
30876
31012
31148
31284
31420
31556
31692
31828
31964
32100
32236
32372
32508
32644
32780
32916
33052
33188
33324
33460
33596
33732
33868
34004
34140
34276
34412
34548
34684
34820
34956
35092
35228
35364
35500
35636
35772
35908
36044
36180
36316
36452
36588
36724
36860
36996
37132
37268
37404
37540
37676
37812
37948
38084
38220
38356
38492
38628
38764
38900
39036
4
140
276
412
548
684
820
956
1092
1228
1364
1500
1636
1772
1908
2044
2180
2316
2452
2588
2724
2860
2996
3132
3268
3404
3540
3676
3812
3948
4084
4220
4356
4492
4628
4764
4900
5036
5172
5308
5444
5580
5716
5852
5988
6124
6260
6396
6532
6668
6804
6940
7076
7212
7348
7484
7620
7756
7892
8028
8164
8300
8436
8572
8708
8844
8980
9116
9252
9388
9524
9660
9796
9932
10068
10204
10340
10476
10612
10748
10884
11020
11156
11292
11428
11564
11700
11836
11972
12108
12244
12380
12516
12652
12788
12924
13060
13196
13332
13468
13604
13740
13876
14012
14148
14284
14420
14556
14692
14828
14964
15100
15236
15372
15508
15644
15780
15916
16052
16188
16324
16460
16596
16732
16868
17004
17140
17276
17412
17548
17684
17820
17956
18092
18228
18364
18500
18636
18772
18908
19044
19180
19316
19452
19588
19724
19860
19996
20132
20268
20404
20540
20676
20812
20948
21084
21220
21356
21492
21628
21764
21900
22036
22172
22308
22444
22580
22716
22852
22988
23124
23260
23396
23532
23668
23804
23940
24076
24212
24348
24484
24620
24756
24892
25028
25164
25300
25436
25572
25708
25844
25980
26116
26252
26388
26524
26660
26796
26932
27068
27204
27340
27476
27612
27748
27884
28020
28156
28292
28428
28564
28700
28836
28972
29108
29244
29380
29516
29652
29788
29924
30060
30196
30332
30468
30604
30740
30876
31012
31148
31284
31420
31556
31692
31828
31964
32100
32236
32372
32508
32644
32780
32916
33052
33188
33324
33460
33596
33732
33868
34004
34140
34276
34412
34548
34684
34820
34956
35092
35228
35364
35500
35636
35772
35908
36044
36180
36316
36452
36588
36724
36860
36996
37132
37268
37404
37540
37676
37812
37948
38084
38220
38356
38492
38628
38764
38900
39036
4
140
276
412
548
684
820
956
1092
1228
1364
1500
1636
1772
1908
2044
2180
2316
2452
2588
2724
2860
2996
3132
3268
3404
3540
3676
3812
3948
4084
4220
4356
4492
4628
4764
4900
5036
5172
5308
5444
5580
5716
5852
5988
6124
6260
6396
6532
6668
6804
6940
7076
7212
7348
7484
7620
7756
7892
8028
8164
8300
8436
8572
8708
8844
8980
9116
9252
9388
9524
9660
9796
9932
10068
10204
10340
10476
10612
10748
10884
11020
11156
11292
11428
11564
11700
11836
11972
12108
12244
12380
12516
12652
12788
12924
13060
13196
13332
13468
13604
13740
13876
14012
14148
14284
14420
14556
14692
14828
14964
15100
15236
15372
15508
15644
15780
15916
16052
16188
16324
16460
16596
16732
16868
17004
17140
17276
17412
17548
17684
17820
17956
18092
18228
18364
18500
18636
18772
18908
19044
19180
19316
19452
19588
19724
19860
19996
20132
20268
20404
20540
20676
20812
20948
21084
21220
21356
21492
21628
21764
21900
22036
22172
22308
22444
22580
22716
22852
22988
23124
23260
23396
23532
23668
23804
23940
24076
24212
24348
24484
24620
24756
24892
25028
25164
25300
25436
25572
25708
25844
25980
26116
26252
26388
26524
26660
26796
26932
27068
27204
27340
27476
27612
27748
27884
28020
28156
28292
28428
28564
28700
28836
28972
29108
29244
29380
29516
29652
29788
29924
30060
30196
30332
30468
30604
30740
30876
31012
31148
31284
31420
31556
31692
31828
31964
32100
32236
32372
32508
32644
32780
32916
33052
33188
33324
33460
33596
33732
33868
34004
34140
34276
34412
34548
34684
34820
34956
35092
35228
35364
35500
35636
35772
35908
36044
36180
36316
36452
36588
36724
36860
36996
37132
37268
37404
37540
37676
37812
37948
38084
38220
38356
38492
38628
38764
38900
39036
4
140
276
412
548
684
820
956
1092
1228
1364
1500
1636
1772
1908
2044
2180
2316
2452
2588
2724
2860
2996
3132
3268
3404
3540
3676
3812
3948
4084
4220
4356
4492
4628
4764
4900
5036
5172
5308
5444
5580
5716
5852
5988
6124
6260
6396
6532
6668
6804
6940
7076
7212
7348
7484
7620
7756
7892
8028
8164
8300
8436
8572
8708
8844
8980
9116
9252
9388
9524
9660
9796
9932
10068
10204
10340
10476
10612
10748
10884
11020
11156
11292
11428
11564
11700
11836
11972
12108
12244
12380
12516
12652
12788
12924
13060
13196
13332
13468
13604
13740
13876
14012
14148
14284
14420
14556
14692
14828
14964
15100
15236
15372
15508
15644
15780
15916
16052
16188
16324
16460
16596
16732
16868
17004
17140
17276
17412
17548
17684
17820
17956
18092
18228
18364
18500
18636
18772
18908
19044
19180
19316
19452
19588
19724
19860
19996
20132
20268
20404
20540
20676
20812
20948
21084
21220
21356
21492
21628
21764
21900
22036
22172
22308
22444
22580
22716
22852
22988
23124
23260
23396
23532
23668
23804
23940
24076
24212
24348
24484
24620
24756
24892
25028
25164
25300
25436
25572
25708
25844
25980
26116
26252
26388
26524
26660
26796
26932
27068
27204
27340
27476
27612
27748
27884
28020
28156
28292
28428
28564
28700
28836
28972
29108
29244
29380
29516
29652
29788
29924
30060
30196
30332
30468
30604
30740
30876
31012
31148
31284
31420
31556
31692
31828
31964
32100
32236
32372
32508
32644
32780
32916
33052
33188
33324
33460
33596
33732
33868
34004
34140
34276
34412
34548
34684
34820
34956
35092
35228
35364
35500
35636
35772
35908
36044
36180
36316
36452
36588
36724
36860
36996
37132
37268
37404
37540
37676
37812
37948
38084
38220
38356
38492
38628
38764
38900
39036
4
140
276
412
548
684
820
956
1092
1228
1364
1500
1636
1772
1908
2044
2180
2316
2452
2588
2724
2860
2996
3132
3268
3404
3540
3676
3812
3948
4084
4220
4356
4492
4628
4764
4900
5036
5172
5308
5444
5580
5716
5852
5988
6124
6260
6396
6532
6668
6804
6940
7076
7212
7348
7484
7620
7756
7892
8028
8164
8300
8436
8572
8708
8844
8980
9116
9252
9388
9524
9660
9796
9932
10068
10204
10340
10476
10612
10748
10884
11020
11156
11292
11428
11564
11700
11836
11972
12108
12244
12380
12516
12652
12788
12924
13060
13196
13332
13468
13604
13740
13876
14012
14148
14284
14420
14556
14692
14828
14964
15100
15236
15372
15508
15644
15780
15916
16052
16188
16324
16460
16596
16732
16868
17004
17140
17276
17412
17548
17684
17820
17956
18092
18228
18364
18500
18636
18772
18908
19044
19180
19316
19452
19588
19724
19860
19996
20132
20268
20404
20540
20676
20812
20948
21084
21220
21356
21492
21628
21764
21900
22036
22172
22308
22444
22580
22716
22852
22988
23124
23260
23396
23532
23668
23804
23940
24076
24212
24348
24484
24620
24756
24892
25028
25164
25300
25436
25572
25708
25844
25980
26116
26252
26388
26524
26660
26796
26932
27068
27204
27340
27476
27612
27748
27884
28020
28156
28292
28428
28564
28700
28836
28972
29108
29244
29380
29516
29652
29788
29924
30060
30196
30332
30468
30604
30740
30876
31012
31148
31284
31420
31556
31692
31828
31964
32100
32236
32372
32508
32644
32780
32916
33052
33188
33324
33460
33596
33732
33868
34004
34140
34276
34412
34548
34684
34820
34956
35092
35228
35364
35500
35636
35772
35908
36044
36180
36316
36452
36588
36724
36860
36996
37132
37268
37404
37540
37676
37812
37948
38084
38220
38356
38492
38628
38764
38900
39036
4
140
276
412
548
684
820
956
1092
1228
1364
1500
1636
1772
1908
2044
2180
2316
2452
2588
2724
2860
2996
3132
3268
3404
3540
3676
3812
3948
4084
4220
4356
4492
4628
4764
4900
5036
5172
5308
5444
5580
5716
5852
5988
6124
6260
6396
6532
6668
6804
6940
7076
7212
7348
7484
7620
7756
7892
8028
8164
8300
8436
8572
8708
8844
8980
9116
9252
9388
9524
9660
9796
9932
10068
10204
10340
10476
10612
10748
10884
11020
11156
11292
11428
11564
11700
11836
11972
12108
12244
12380
12516
12652
12788
12924
13060
13196
13332
13468
13604
13740
13876
14012
14148
14284
14420
14556
14692
14828
14964
15100
15236
15372
15508
15644
15780
15916
16052
16188
16324
16460
16596
16732
16868
17004
17140
17276
17412
17548
17684
17820
17956
18092
18228
18364
18500
18636
18772
18908
19044
19180
19316
19452
19588
19724
19860
19996
20132
20268
20404
20540
20676
20812
20948
21084
21220
21356
21492
21628
21764
21900
22036
22172
22308
22444
22580
22716
22852
22988
23124
23260
23396
23532
23668
23804
23940
24076
24212
24348
24484
24620
24756
24892
25028
25164
25300
25436
25572
25708
25844
25980
26116
26252
26388
26524
26660
26796
26932
27068
27204
27340
27476
27612
27748
27884
28020
28156
28292
28428
28564
28700
28836
28972
29108
29244
29380
29516
29652
29788
29924
30060
30196
30332
30468
30604
30740
30876
31012
31148
31284
31420
31556
31692
31828
31964
32100
32236
32372
32508
32644
32780
32916
33052
33188
33324
33460
33596
33732
33868
34004
34140
34276
34412
34548
34684
34820
34956
35092
35228
35364
35500
35636
35772
35908
36044
36180
36316
36452
36588
36724
36860
36996
37132
37268
37404
37540
37676
37812
37948
38084
38220
38356
38492
38628
38764
38900
39036
4
140
276
412
548
684
820
956
1092
1228
1364
1500
1636
1772
1908
2044
2180
2316
2452
2588
2724
2860
2996
3132
3268
3404
3540
3676
3812
3948
4084
4220
4356
4492
4628
4764
4900
5036
5172
5308
5444
5580
5716
5852
5988
6124
6260
6396
6532
6668
6804
6940
7076
7212
7348
7484
7620
7756
7892
8028
8164
8300
8436
8572
8708
8844
8980
9116
9252
9388
9524
9660
9796
9932
10068
10204
10340
10476
10612
10748
10884
11020
11156
11292
11428
11564
11700
11836
11972
12108
12244
12380
12516
12652
12788
12924
13060
13196
13332
13468
13604
13740
13876
14012
14148
14284
14420
14556
14692
14828
14964
15100
15236
15372
15508
15644
15780
15916
16052
16188
16324
16460
16596
16732
16868
17004
17140
17276
17412
17548
17684
17820
17956
18092
18228
18364
18500
18636
18772
18908
19044
19180
19316
19452
19588
19724
19860
19996
20132
20268
20404
20540
20676
20812
20948
21084
21220
21356
21492
21628
21764
21900
22036
22172
22308
22444
22580
22716
22852
22988
23124
23260
23396
23532
23668
23804
23940
24076
24212
24348
24484
24620
24756
24892
25028
25164
25300
25436
25572
25708
25844
25980
26116
26252
26388
26524
26660
26796
26932
27068
27204
27340
27476
27612
27748
27884
28020
28156
28292
28428
28564
28700
28836
28972
29108
29244
29380
29516
29652
29788
29924
30060
30196
30332
30468
30604
30740
30876
31012
31148
31284
31420
31556
31692
31828
31964
32100
32236
32372
32508
32644
32780
32916
33052
33188
33324
33460
33596
33732
33868
34004
34140
34276
34412
34548
34684
34820
34956
35092
35228
35364
35500
35636
35772
35908
36044
36180
36316
36452
36588
36724
36860
36996
37132
37268
37404
37540
37676
37812
37948
38084
38220
38356
38492
38628
38764
38900
39036
4
140
276
412
548
684
820
956
1092
1228
1364
1500
1636
1772
1908
2044
2180
2316
2452
2588
2724
2860
2996
3132
3268
3404
3540
3676
3812
3948
4084
4220
4356
4492
4628
4764
4900
5036
5172
5308
5444
5580
5716
5852
5988
6124
6260
6396
6532
6668
6804
6940
7076
7212
7348
7484
7620
7756
7892
8028
8164
8300
8436
8572
8708
8844
8980
9116
9252
9388
9524
9660
9796
9932
10068
10204
10340
10476
10612
10748
10884
11020
11156
11292
11428
11564
11700
11836
11972
12108
12244
12380
12516
12652
12788
12924
13060
13196
13332
13468
13604
13740
13876
14012
14148
14284
14420
14556
14692
14828
14964
15100
15236
15372
15508
15644
15780
15916
16052
16188
16324
16460
16596
16732
16868
17004
17140
17276
17412
17548
17684
17820
17956
18092
18228
18364
18500
18636
18772
18908
19044
19180
19316
19452
19588
19724
19860
19996
20132
20268
20404
20540
20676
20812
20948
21084
21220
21356
21492
21628
21764
21900
22036
22172
22308
22444
22580
22716
22852
22988
23124
23260
23396
23532
23668
23804
23940
24076
24212
24348
24484
24620
24756
24892
25028
25164
25300
25436
25572
25708
25844
25980
26116
26252
26388
26524
26660
26796
26932
27068
27204
27340
27476
27612
27748
27884
28020
28156
28292
28428
28564
28700
28836
28972
29108
29244
29380
29516
29652
29788
29924
30060
30196
30332
30468
30604
30740
30876
31012
31148
31284
31420
31556
31692
31828
31964
32100
32236
32372
32508
32644
32780
32916
33052
33188
33324
33460
33596
33732
33868
34004
34140
34276
34412
34548
34684
34820
34956
35092
35228
35364
35500
35636
35772
35908
36044
36180
36316
36452
36588
36724
36860
36996
37132
37268
37404
37540
37676
37812
37948
38084
38220
38356
38492
38628
38764
38900
39036
4
140
276
412
548
684
820
956
1092
1228
1364
1500
1636
1772
1908
2044
2180
2316
2452
2588
2724
2860
2996
3132
3268
3404
3540
3676
3812
3948
4084
4220
4356
4492
4628
4764
4900
5036
5172
5308
5444
5580
5716
5852
5988
6124
6260
6396
6532
6668
6804
6940
7076
7212
7348
7484
7620
7756
7892
8028
8164
8300
8436
8572
8708
8844
8980
9116
9252
9388
9524
9660
9796
9932
10068
10204
10340
10476
10612
10748
10884
11020
11156
11292
11428
11564
11700
11836
11972
12108
12244
12380
12516
12652
12788
12924
13060
13196
13332
13468
13604
13740
13876
14012
14148
14284
14420
14556
14692
14828
14964
15100
15236
15372
15508
15644
15780
15916
16052
16188
16324
16460
16596
16732
16868
17004
17140
17276
17412
17548
17684
17820
17956
18092
18228
18364
18500
18636
18772
18908
19044
19180
19316
19452
19588
19724
19860
19996
20132
20268
20404
20540
20676
20812
20948
21084
21220
21356
21492
21628
21764
21900
22036
22172
22308
22444
22580
22716
22852
22988
23124
23260
23396
23532
23668
23804
23940
24076
24212
24348
24484
24620
24756
24892
25028
25164
25300
25436
25572
25708
25844
25980
26116
26252
26388
26524
26660
26796
26932
27068
27204
27340
27476
27612
27748
27884
28020
28156
28292
28428
28564
28700
28836
28972
29108
29244
29380
29516
29652
29788
29924
30060
30196
30332
30468
30604
30740
30876
31012
31148
31284
31420
31556
31692
31828
31964
32100
32236
32372
32508
32644
32780
32916
33052
33188
33324
33460
33596
33732
33868
34004
34140
34276
34412
34548
34684
34820
34956
35092
35228
35364
35500
35636
35772
35908
36044
36180
36316
36452
36588
36724
36860
36996
37132
37268
37404
37540
37676
37812
37948
38084
38220
38356
38492
38628
38764
38900
39036
4
140
276
412
548
684
820
956
1092
1228
1364
1500
1636
1772
1908
2044
2180
2316
2452
2588
2724
2860
2996
3132
3268
3404
3540
3676
3812
3948
4084
4220
4356
4492
4628
4764
4900
5036
5172
5308
5444
5580
5716
5852
5988
6124
6260
6396
6532
6668
6804
6940
7076
7212
7348
7484
7620
7756
7892
8028
8164
8300
8436
8572
8708
8844
8980
9116
9252
9388
9524
9660
9796
9932
10068
10204
10340
10476
10612
10748
10884
11020
11156
11292
11428
11564
11700
11836
11972
12108
12244
12380
12516
12652
12788
12924
13060
13196
13332
13468
13604
13740
13876
14012
14148
14284
14420
14556
14692
14828
14964
15100
15236
15372
15508
15644
15780
15916
16052
16188
16324
16460
16596
16732
16868
17004
17140
17276
17412
17548
17684
17820
17956
18092
18228
18364
18500
18636
18772
18908
19044
19180
19316
19452
19588
19724
19860
19996
20132
20268
20404
20540
20676
20812
20948
21084
21220
21356
21492
21628
21764
21900
22036
22172
22308
22444
22580
22716
22852
22988
23124
23260
23396
23532
23668
23804
23940
24076
24212
24348
24484
24620
24756
24892
25028
25164
25300
25436
25572
25708
25844
25980
26116
26252
26388
26524
26660
26796
26932
27068
27204
27340
27476
27612
27748
27884
28020
28156
28292
28428
28564
28700
28836
28972
29108
29244
29380
29516
29652
29788
29924
30060
30196
30332
30468
30604
30740
30876
31012
31148
31284
31420
31556
31692
31828
31964
32100
32236
32372
32508
32644
32780
32916
33052
33188
33324
33460
33596
33732
33868
34004
34140
34276
34412
34548
34684
34820
34956
35092
35228
35364
35500
35636
35772
35908
36044
36180
36316
36452
36588
36724
36860
36996
37132
37268
37404
37540
37676
37812
37948
38084
38220
38356
38492
38628
38764
38900
39036
4
140
276
412
548
684
820
956
1092
1228
1364
1500
1636
1772
1908
2044
2180
2316
2452
2588
2724
2860
2996
3132
3268
3404
3540
3676
3812
3948
4084
4220
4356
4492
4628
4764
4900
5036
5172
5308
5444
5580
5716
5852
5988
6124
6260
6396
6532
6668
6804
6940
7076
7212
7348
7484
7620
7756
7892
8028
8164
8300
8436
8572
8708
8844
8980
9116
9252
9388
9524
9660
9796
9932
10068
10204
10340
10476
10612
10748
10884
11020
11156
11292
11428
11564
11700
11836
11972
12108
12244
12380
12516
12652
12788
12924
13060
13196
13332
13468
13604
13740
13876
14012
14148
14284
14420
14556
14692
14828
14964
15100
15236
15372
15508
15644
15780
15916
16052
16188
16324
16460
16596
16732
16868
17004
17140
17276
17412
17548
17684
17820
17956
18092
18228
18364
18500
18636
18772
18908
19044
19180
19316
19452
19588
19724
19860
19996
20132
20268
20404
20540
20676
20812
20948
21084
21220
21356
21492
21628
21764
21900
22036
22172
22308
22444
22580
22716
22852
22988
23124
23260
23396
23532
23668
23804
23940
24076
24212
24348
24484
24620
24756
24892
25028
25164
25300
25436
25572
25708
25844
25980
26116
26252
26388
26524
26660
26796
26932
27068
27204
27340
27476
27612
27748
27884
28020
28156
28292
28428
28564
28700
28836
28972
29108
29244
29380
29516
29652
29788
29924
30060
30196
30332
30468
30604
30740
30876
31012
31148
31284
31420
31556
31692
31828
31964
32100
32236
32372
32508
32644
32780
32916
33052
33188
33324
33460
33596
33732
33868
34004
34140
34276
34412
34548
34684
34820
34956
35092
35228
35364
35500
35636
35772
35908
36044
36180
36316
36452
36588
36724
36860
36996
37132
37268
37404
37540
37676
37812
37948
38084
38220
38356
38492
38628
38764
38900
39036
4
140
276
412
548
684
820
956
1092
1228
1364
1500
1636
1772
1908
2044
2180
2316
2452
2588
2724
2860
2996
3132
3268
3404
3540
3676
3812
3948
4084
4220
4356
4492
4628
4764
4900
5036
5172
5308
5444
5580
5716
5852
5988
6124
6260
6396
6532
6668
6804
6940
7076
7212
7348
7484
7620
7756
7892
8028
8164
8300
8436
8572
8708
8844
8980
9116
9252
9388
9524
9660
9796
9932
10068
10204
10340
10476
10612
10748
10884
11020
11156
11292
11428
11564
11700
11836
11972
12108
12244
12380
12516
12652
12788
12924
13060
13196
13332
13468
13604
13740
13876
14012
14148
14284
14420
14556
14692
14828
14964
15100
15236
15372
15508
15644
15780
15916
16052
16188
16324
16460
16596
16732
16868
17004
17140
17276
17412
17548
17684
17820
17956
18092
18228
18364
18500
18636
18772
18908
19044
19180
19316
19452
19588
19724
19860
19996
20132
20268
20404
20540
20676
20812
20948
21084
21220
21356
21492
21628
21764
21900
22036
22172
22308
22444
22580
22716
22852
22988
23124
23260
23396
23532
23668
23804
23940
24076
24212
24348
24484
24620
24756
24892
25028
25164
25300
25436
25572
25708
25844
25980
26116
26252
26388
26524
26660
26796
26932
27068
27204
27340
27476
27612
27748
27884
28020
28156
28292
28428
28564
28700
28836
28972
29108
29244
29380
29516
29652
29788
29924
30060
30196
30332
30468
30604
30740
30876
31012
31148
31284
31420
31556
31692
31828
31964
32100
32236
32372
32508
32644
32780
32916
33052
33188
33324
33460
33596
33732
33868
34004
34140
34276
34412
34548
34684
34820
34956
35092
35228
35364
35500
35636
35772
35908
36044
36180
36316
36452
36588
36724
36860
36996
37132
37268
37404
37540
37676
37812
37948
38084
38220
38356
38492
38628
38764
38900
39036
4
140
276
412
548
684
820
956
1092
1228
1364
1500
1636
1772
1908
2044
2180
2316
2452
2588
2724
2860
2996
3132
3268
3404
3540
3676
3812
3948
4084
4220
4356
4492
4628
4764
4900
5036
5172
5308
5444
5580
5716
5852
5988
6124
6260
6396
6532
6668
6804
6940
7076
7212
7348
7484
7620
7756
7892
8028
8164
8300
8436
8572
8708
8844
8980
9116
9252
9388
9524
9660
9796
9932
10068
10204
10340
10476
10612
10748
10884
11020
11156
11292
11428
11564
11700
11836
11972
12108
12244
12380
12516
12652
12788
12924
13060
13196
13332
13468
13604
13740
13876
14012
14148
14284
14420
14556
14692
14828
14964
15100
15236
15372
15508
15644
15780
15916
16052
16188
16324
16460
16596
16732
16868
17004
17140
17276
17412
17548
17684
17820
17956
18092
18228
18364
18500
18636
18772
18908
19044
19180
19316
19452
19588
19724
19860
19996
20132
20268
20404
20540
20676
20812
20948
21084
21220
21356
21492
21628
21764
21900
22036
22172
22308
22444
22580
22716
22852
22988
23124
23260
23396
23532
23668
23804
23940
24076
24212
24348
24484
24620
24756
24892
25028
25164
25300
25436
25572
25708
25844
25980
26116
26252
26388
26524
26660
26796
26932
27068
27204
27340
27476
27612
27748
27884
28020
28156
28292
28428
28564
28700
28836
28972
29108
29244
29380
29516
29652
29788
29924
30060
30196
30332
30468
30604
30740
30876
31012
31148
31284
31420
31556
31692
31828
31964
32100
32236
32372
32508
32644
32780
32916
33052
33188
33324
33460
33596
33732
33868
34004
34140
34276
34412
34548
34684
34820
34956
35092
35228
35364
35500
35636
35772
35908
36044
36180
36316
36452
36588
36724
36860
36996
37132
37268
37404
37540
37676
37812
37948
38084
38220
38356
38492
38628
38764
38900
39036
4
140
276
412
548
684
820
956
1092
1228
1364
1500
1636
1772
1908
2044
2180
2316
2452
2588
2724
2860
2996
3132
3268
3404
3540
3676
3812
3948
4084
4220
4356
4492
4628
4764
4900
5036
5172
5308
5444
5580
5716
5852
5988
6124
6260
6396
6532
6668
6804
6940
7076
7212
7348
7484
7620
7756
7892
8028
8164
8300
8436
8572
8708
8844
8980
9116
9252
9388
9524
9660
9796
9932
10068
10204
10340
10476
10612
10748
10884
11020
11156
11292
11428
11564
11700
11836
11972
12108
12244
12380
12516
12652
12788
12924
13060
13196
13332
13468
13604
13740
13876
14012
14148
14284
14420
14556
14692
14828
14964
15100
15236
15372
15508
15644
15780
15916
16052
16188
16324
16460
16596
16732
16868
17004
17140
17276
17412
17548
17684
17820
17956
18092
18228
18364
18500
18636
18772
18908
19044
19180
19316
19452
19588
19724
19860
19996
20132
20268
20404
20540
20676
20812
20948
21084
21220
21356
21492
21628
21764
21900
22036
22172
22308
22444
22580
22716
22852
22988
23124
23260
23396
23532
23668
23804
23940
24076
24212
24348
24484
24620
24756
24892
25028
25164
25300
25436
25572
25708
25844
25980
26116
26252
26388
26524
26660
26796
26932
27068
27204
27340
27476
27612
27748
27884
28020
28156
28292
28428
28564
28700
28836
28972
29108
29244
29380
29516
29652
29788
29924
30060
30196
30332
30468
30604
30740
30876
31012
31148
31284
31420
31556
31692
31828
31964
32100
32236
32372
32508
32644
32780
32916
33052
33188
33324
33460
33596
33732
33868
34004
34140
34276
34412
34548
34684
34820
34956
35092
35228
35364
35500
35636
35772
35908
36044
36180
36316
36452
36588
36724
36860
36996
37132
37268
37404
37540
37676
37812
37948
38084
38220
38356
38492
38628
38764
38900
39036
4
140
276
412
548
684
820
956
1092
1228
1364
1500
1636
1772
1908
2044
2180
2316
2452
2588
2724
2860
2996
3132
3268
3404
3540
3676
3812
3948
4084
4220
4356
4492
4628
4764
4900
5036
5172
5308
5444
5580
5716
5852
5988
6124
6260
6396
6532
6668
6804
6940
7076
7212
7348
7484
7620
7756
7892
8028
8164
8300
8436
8572
8708
8844
8980
9116
9252
9388
9524
9660
9796
9932
10068
10204
10340
10476
10612
10748
10884
11020
11156
11292
11428
11564
11700
11836
11972
12108
12244
12380
12516
12652
12788
12924
13060
13196
13332
13468
13604
13740
13876
14012
14148
14284
14420
14556
14692
14828
14964
15100
15236
15372
15508
15644
15780
15916
16052
16188
16324
16460
16596
16732
16868
17004
17140
17276
17412
17548
17684
17820
17956
18092
18228
18364
18500
18636
18772
18908
19044
19180
19316
19452
19588
19724
19860
19996
20132
20268
20404
20540
20676
20812
20948
21084
21220
21356
21492
21628
21764
21900
22036
22172
22308
22444
22580
22716
22852
22988
23124
23260
23396
23532
23668
23804
23940
24076
24212
24348
24484
24620
24756
24892
25028
25164
25300
25436
25572
25708
25844
25980
26116
26252
26388
26524
26660
26796
26932
27068
27204
27340
27476
27612
27748
27884
28020
28156
28292
28428
28564
28700
28836
28972
29108
29244
29380
29516
29652
29788
29924
30060
30196
30332
30468
30604
30740
30876
31012
31148
31284
31420
31556
31692
31828
31964
32100
32236
32372
32508
32644
32780
32916
33052
33188
33324
33460
33596
33732
33868
34004
34140
34276
34412
34548
34684
34820
34956
35092
35228
35364
35500
35636
35772
35908
36044
36180
36316
36452
36588
36724
36860
36996
37132
37268
37404
37540
37676
37812
37948
38084
38220
38356
38492
38628
38764
38900
39036
4
140
276
412
548
684
820
956
1092
1228
1364
1500
1636
1772
1908
2044
2180
2316
2452
2588
2724
2860
2996
3132
3268
3404
3540
3676
3812
3948
4084
4220
4356
4492
4628
4764
4900
5036
5172
5308
5444
5580
5716
5852
5988
6124
6260
6396
6532
6668
6804
6940
7076
7212
7348
7484
7620
7756
7892
8028
8164
8300
8436
8572
8708
8844
8980
9116
9252
9388
9524
9660
9796
9932
10068
10204
10340
10476
10612
10748
10884
11020
11156
11292
11428
11564
11700
11836
11972
12108
12244
12380
12516
12652
12788
12924
13060
13196
13332
13468
13604
13740
13876
14012
14148
14284
14420
14556
14692
14828
14964
15100
15236
15372
15508
15644
15780
15916
16052
16188
16324
16460
16596
16732
16868
17004
17140
17276
17412
17548
17684
17820
17956
18092
18228
18364
18500
18636
18772
18908
19044
19180
19316
19452
19588
19724
19860
19996
20132
20268
20404
20540
20676
20812
20948
21084
21220
21356
21492
21628
21764
21900
22036
22172
22308
22444
22580
22716
22852
22988
23124
23260
23396
23532
23668
23804
23940
24076
24212
24348
24484
24620
24756
24892
25028
25164
25300
25436
25572
25708
25844
25980
26116
26252
26388
26524
26660
26796
26932
27068
27204
27340
27476
27612
27748
27884
28020
28156
28292
28428
28564
28700
28836
28972
29108
29244
29380
29516
29652
29788
29924
30060
30196
30332
30468
30604
30740
30876
31012
31148
31284
31420
31556
31692
31828
31964
32100
32236
32372
32508
32644
32780
32916
33052
33188
33324
33460
33596
33732
33868
34004
34140
34276
34412
34548
34684
34820
34956
35092
35228
35364
35500
35636
35772
35908
36044
36180
36316
36452
36588
36724
36860
36996
37132
37268
37404
37540
37676
37812
37948
38084
38220
38356
38492
38628
38764
38900
39036
4
140
276
412
548
684
820
956
1092
1228
1364
1500
1636
1772
1908
2044
2180
2316
2452
2588
2724
2860
2996
3132
3268
3404
3540
3676
3812
3948
4084
4220
4356
4492
4628
4764
4900
5036
5172
5308
5444
5580
5716
5852
5988
6124
6260
6396
6532
6668
6804
6940
7076
7212
7348
7484
7620
7756
7892
8028
8164
8300
8436
8572
8708
8844
8980
9116
9252
9388
9524
9660
9796
9932
10068
10204
10340
10476
10612
10748
10884
11020
11156
11292
11428
11564
11700
11836
11972
12108
12244
12380
12516
12652
12788
12924
13060
13196
13332
13468
13604
13740
13876
14012
14148
14284
14420
14556
14692
14828
14964
15100
15236
15372
15508
15644
15780
15916
16052
16188
16324
16460
16596
16732
16868
17004
17140
17276
17412
17548
17684
17820
17956
18092
18228
18364
18500
18636
18772
18908
19044
19180
19316
19452
19588
19724
19860
19996
20132
20268
20404
20540
20676
20812
20948
21084
21220
21356
21492
21628
21764
21900
22036
22172
22308
22444
22580
22716
22852
22988
23124
23260
23396
23532
23668
23804
23940
24076
24212
24348
24484
24620
24756
24892
25028
25164
25300
25436
25572
25708
25844
25980
26116
26252
26388
26524
26660
26796
26932
27068
27204
27340
27476
27612
27748
27884
28020
28156
28292
28428
28564
28700
28836
28972
29108
29244
29380
29516
29652
29788
29924
30060
30196
30332
30468
30604
30740
30876
31012
31148
31284
31420
31556
31692
31828
31964
32100
32236
32372
32508
32644
32780
32916
33052
33188
33324
33460
33596
33732
33868
34004
34140
34276
34412
34548
34684
34820
34956
35092
35228
35364
35500
35636
35772
35908
36044
36180
36316
36452
36588
36724
36860
36996
37132
37268
37404
37540
37676
37812
37948
38084
38220
38356
38492
38628
38764
38900
39036
4
140
276
412
548
684
820
956
1092
1228
1364
1500
1636
1772
1908
2044
2180
2316
2452
2588
2724
2860
2996
3132
3268
3404
3540
3676
3812
3948
4084
4220
4356
4492
4628
4764
4900
5036
5172
5308
5444
5580
5716
5852
5988
6124
6260
6396
6532
6668
6804
6940
7076
7212
7348
7484
7620
7756
7892
8028
8164
8300
8436
8572
8708
8844
8980
9116
9252
9388
9524
9660
9796
9932
10068
10204
10340
10476
10612
10748
10884
11020
11156
11292
11428
11564
11700
11836
11972
12108
12244
12380
12516
12652
12788
12924
13060
13196
13332
13468
13604
13740
13876
14012
14148
14284
14420
14556
14692
14828
14964
15100
15236
15372
15508
15644
15780
15916
16052
16188
16324
16460
16596
16732
16868
17004
17140
17276
17412
17548
17684
17820
17956
18092
18228
18364
18500
18636
18772
18908
19044
19180
19316
19452
19588
19724
19860
19996
20132
20268
20404
20540
20676
20812
20948
21084
21220
21356
21492
21628
21764
21900
22036
22172
22308
22444
22580
22716
22852
22988
23124
23260
23396
23532
23668
23804
23940
24076
24212
24348
24484
24620
24756
24892
25028
25164
25300
25436
25572
25708
25844
25980
26116
26252
26388
26524
26660
26796
26932
27068
27204
27340
27476
27612
27748
27884
28020
28156
28292
28428
28564
28700
28836
28972
29108
29244
29380
29516
29652
29788
29924
30060
30196
30332
30468
30604
30740
30876
31012
31148
31284
31420
31556
31692
31828
31964
32100
32236
32372
32508
32644
32780
32916
33052
33188
33324
33460
33596
33732
33868
34004
34140
34276
34412
34548
34684
34820
34956
35092
35228
35364
35500
35636
35772
35908
36044
36180
36316
36452
36588
36724
36860
36996
37132
37268
37404
37540
37676
37812
37948
38084
38220
38356
38492
38628
38764
38900
39036
4
140
276
412
548
684
820
956
1092
1228
1364
1500
1636
1772
1908
2044
2180
2316
2452
2588
2724
2860
2996
3132
3268
3404
3540
3676
3812
3948
4084
4220
4356
4492
4628
4764
4900
5036
5172
5308
5444
5580
5716
5852
5988
6124
6260
6396
6532
6668
6804
6940
7076
7212
7348
7484
7620
7756
7892
8028
8164
8300
8436
8572
8708
8844
8980
9116
9252
9388
9524
9660
9796
9932
10068
10204
10340
10476
10612
10748
10884
11020
11156
11292
11428
11564
11700
11836
11972
12108
12244
12380
12516
12652
12788
12924
13060
13196
13332
13468
13604
13740
13876
14012
14148
14284
14420
14556
14692
14828
14964
15100
15236
15372
15508
15644
15780
15916
16052
16188
16324
16460
16596
16732
16868
17004
17140
17276
17412
17548
17684
17820
17956
18092
18228
18364
18500
18636
18772
18908
19044
19180
19316
19452
19588
19724
19860
19996
20132
20268
20404
20540
20676
20812
20948
21084
21220
21356
21492
21628
21764
21900
22036
22172
22308
22444
22580
22716
22852
22988
23124
23260
23396
23532
23668
23804
23940
24076
24212
24348
24484
24620
24756
24892
25028
25164
25300
25436
25572
25708
25844
25980
26116
26252
26388
26524
26660
26796
26932
27068
27204
27340
27476
27612
27748
27884
28020
28156
28292
28428
28564
28700
28836
28972
29108
29244
29380
29516
29652
29788
29924
30060
30196
30332
30468
30604
30740
30876
31012
31148
31284
31420
31556
31692
31828
31964
32100
32236
32372
32508
32644
32780
32916
33052
33188
33324
33460
33596
33732
33868
34004
34140
34276
34412
34548
34684
34820
34956
35092
35228
35364
35500
35636
35772
35908
36044
36180
36316
36452
36588
36724
36860
36996
37132
37268
37404
37540
37676
37812
37948
38084
38220
38356
38492
38628
38764
38900
39036
4
140
276
412
548
684
820
956
1092
1228
1364
1500
1636
1772
1908
2044
2180
2316
2452
2588
2724
2860
2996
3132
3268
3404
3540
3676
3812
3948
4084
4220
4356
4492
4628
4764
4900
5036
5172
5308
5444
5580
5716
5852
5988
6124
6260
6396
6532
6668
6804
6940
7076
7212
7348
7484
7620
7756
7892
8028
8164
8300
8436
8572
8708
8844
8980
9116
9252
9388
9524
9660
9796
9932
10068
10204
10340
10476
10612
10748
10884
11020
11156
11292
11428
11564
11700
11836
11972
12108
12244
12380
12516
12652
12788
12924
13060
13196
13332
13468
13604
13740
13876
14012
14148
14284
14420
14556
14692
14828
14964
15100
15236
15372
15508
15644
15780
15916
16052
16188
16324
16460
16596
16732
16868
17004
17140
17276
17412
17548
17684
17820
17956
18092
18228
18364
18500
18636
18772
18908
19044
19180
19316
19452
19588
19724
19860
19996
20132
20268
20404
20540
20676
20812
20948
21084
21220
21356
21492
21628
21764
21900
22036
22172
22308
22444
22580
22716
22852
22988
23124
23260
23396
23532
23668
23804
23940
24076
24212
24348
24484
24620
24756
24892
25028
25164
25300
25436
25572
25708
25844
25980
26116
26252
26388
26524
26660
26796
26932
27068
27204
27340
27476
27612
27748
27884
28020
28156
28292
28428
28564
28700
28836
28972
29108
29244
29380
29516
29652
29788
29924
30060
30196
30332
30468
30604
30740
30876
31012
31148
31284
31420
31556
31692
31828
31964
32100
32236
32372
32508
32644
32780
32916
33052
33188
33324
33460
33596
33732
33868
34004
34140
34276
34412
34548
34684
34820
34956
35092
35228
35364
35500
35636
35772
35908
36044
36180
36316
36452
36588
36724
36860
36996
37132
37268
37404
37540
37676
37812
37948
38084
38220
38356
38492
38628
38764
38900
39036
4
140
276
412
548
684
820
956
1092
1228
1364
1500
1636
1772
1908
2044
2180
2316
2452
2588
2724
2860
2996
3132
3268
3404
3540
3676
3812
3948
4084
4220
4356
4492
4628
4764
4900
5036
5172
5308
5444
5580
5716
5852
5988
6124
6260
6396
6532
6668
6804
6940
7076
7212
7348
7484
7620
7756
7892
8028
8164
8300
8436
8572
8708
8844
8980
9116
9252
9388
9524
9660
9796
9932
10068
10204
10340
10476
10612
10748
10884
11020
11156
11292
11428
11564
11700
11836
11972
12108
12244
12380
12516
12652
12788
12924
13060
13196
13332
13468
13604
13740
13876
14012
14148
14284
14420
14556
14692
14828
14964
15100
15236
15372
15508
15644
15780
15916
16052
16188
16324
16460
16596
16732
16868
17004
17140
17276
17412
17548
17684
17820
17956
18092
18228
18364
18500
18636
18772
18908
19044
19180
19316
19452
19588
19724
19860
19996
20132
20268
20404
20540
20676
20812
20948
21084
21220
21356
21492
21628
21764
21900
22036
22172
22308
22444
22580
22716
22852
22988
23124
23260
23396
23532
23668
23804
23940
24076
24212
24348
24484
24620
24756
24892
25028
25164
25300
25436
25572
25708
25844
25980
26116
26252
26388
26524
26660
26796
26932
27068
27204
27340
27476
27612
27748
27884
28020
28156
28292
28428
28564
28700
28836
28972
29108
29244
29380
29516
29652
29788
29924
30060
30196
30332
30468
30604
30740
30876
31012
31148
31284
31420
31556
31692
31828
31964
32100
32236
32372
32508
32644
32780
32916
33052
33188
33324
33460
33596
33732
33868
34004
34140
34276
34412
34548
34684
34820
34956
35092
35228
35364
35500
35636
35772
35908
36044
36180
36316
36452
36588
36724
36860
36996
37132
37268
37404
37540
37676
37812
37948
38084
38220
38356
38492
38628
38764
38900
39036
(31, 288)
[[ 160.  166.  135.  145.  179.  176.  184.  211.  128.   79.  174.  202.
   177.  154.  150.  171.  164.  109.  130.  123.  201.  112.  160.  196.
   187.  165.  134.  121.  184.  153.]]
(1, 30)
[[ 1.          0.30503814]
 [ 0.30503814  1.        ]]
[ 160.  166.  135.  145.  179.  176.  184.  211.  128.   79.  174.  202.
  177.  154.  150.  171.  164.  109.  130.  123.  201.  112.  160.  196.
  187.  165.  134.  121.  184.  153.  161.  143.  183.  145.  124.  164.
  124.  205.  116.  173.  183.  178.  139.  104.  141.  186.  204.  206.
  108.  200.  198.  166.  182.  151.  176.  189.  156.  163.  182.  202.
  138.  205.  164.  203.  173.  215.  232.  180.  182.  237.  136.  231.
  227.  224.  182.  179.  121.   90.  208.  191.  204.  212.  154.  221.
  191.  152.  193.  205.  236.  235.  144.  212.  196.  195.  170.  177.
  184.  261.  224.  204.  177.  174.  254.  190.  199.  168.  194.  171.
  210.  193.  232.  181.  194.  191.  243.  149.  162.  202.   85.  159.
  186.  216.  155.  156.  160.  188.  144.  229.  178.  238.  131.  169.
  164.  174.  185.  143.  194.  190.  169.  153.  140.  194.  215.  177.
  171.  161.  131.  168.  193.  202.  180.  210.  149.  214.  187.  165.
  208.  224.  188.  139.  151.  169.  197.  244.  211.  187.  188.  164.
  210.  183.  224.  254.  240.  210.  145.  193.  236.  228.  207.  244.
  217.  244.  174.  291.  268.  196.  252.  207.  303.  289.  281.  214.
  257.  190.  217.  293.  318.  244.  202.  228.  339.  340.  235.  302.
  248.  237.  307.  264.  248.  219.  276.  232.  283.  164.  241.  198.
  228.  202.  218.  234.  205.  217.  221.  196.  169.  173.  189.  181.
  174.  120.  213.  182.  233.  199.  187.  227.  172.  174.  162.  187.
  152.  123.  225.  185.  232.  185.  174.  184.  185.  151.  215.  193.
  197.  141.  197.  223.  279.  168.  164.  128.  211.  183.  217.  182.
  233.  195.  183.  129.  241.  172.  152.  201.  187.  191.  186.  172.
  149.  138.  182.  177.  189.  135.  207.  139.  171.  153.  159.  163.]
[ 125.  178.  124.  178.  114.  160.   93.  194.  174.  128.  103.  146.
  209.  138.  144.  133.  161.  140.  171.   71.  119.  125.  168.  172.
  139.  183.  101.  157.  129.  169.  172.  104.  142.  159.  175.  113.
   88.  189.   96.  129.  108.  120.  127.  172.  107.  183.  105.  159.
  207.   99.  152.  196.  167.  228.  136.  179.  166.  189.  209.  162.
  154.  140.  186.  200.  173.  157.  190.  210.  148.  139.  212.  162.
  208.  151.  229.  150.  156.  186.  214.  136.  163.  167.  189.  180.
  170.  231.  234.  137.  209.  244.  218.  175.  177.  218.  237.  218.
  182.  185.  238.  213.  265.  229.  213.  203.  269.  137.  226.  224.
  160.  160.  167.  225.  263.  240.  232.  217.  190.  176.  185.  167.
  242.  250.  191.  192.  220.  181.  178.  224.  219.  203.  209.  231.
  233.  170.  143.  227.  171.  256.  217.  208.  233.  237.  253.  217.
  231.  243.  230.  252.  221.  202.  227.  230.  230.  247.  235.  222.
  212.  226.  179.  223.  189.  196.  231.  244.  231.  238.  233.  231.
  209.  204.  253.  277.  153.  232.  221.  275.  177.  253.  215.  229.
  272.  220.  241.  224.  230.  207.  208.  150.  223.  209.  214.  233.
  238.  172.  233.  213.  241.  219.  240.  193.  270.  160.  192.  208.
  236.  222.  236.  213.  241.  160.  222.  245.  189.  183.  171.  239.
  242.  204.  229.  255.  237.  216.  225.  188.  213.  201.  187.  231.
  176.  200.  196.  230.  211.  185.  205.  182.  180.  189.  224.  233.
  239.  217.  132.  185.  186.  249.  193.  222.  235.  269.  201.  216.
  150.  181.  240.  260.  221.  179.  210.  179.  140.  140.  181.  150.
  205.  152.  196.  199.  153.  184.   68.  125.  148.  122.  178.  217.
  189.  162.  178.  122.  140.  176.  166.  158.  159.  111.  194.   91.]
[[ 1.          0.30503814]
 [ 0.30503814  1.        ]]
